-81.0949838548
-81.3178423494
88.5598190286
163.46354637
95.4959036028
-81.0949838548
-81.3178423494
88.5598190286
163.46354637
95.4959036028
278.905016145
278.682157651
88.5598190286
163.46354637
95.4959036028
278.905016145
278.682157651
88.5598190286
163.46354637
95.4959036028
278.905016145
278.682157651
88.5598190286
163.46354637
95.4959036028
278.905016145
278.682157651
88.5598190286
163.46354637
95.4959036028
278.905016145
278.682157651
88.5598190286
163.46354637
95.4959036028
278.905016145
278.682157651
88.5598190286
163.46354637
95.4959036028
278.905016145
278.682157651
88.5598190286
163.46354637
95.4959036028
